date,tournament,level,bestOf,surface,indoor,speed,round,winner_name,winner_seed,winner_country_name,winner_country_id,winner_rank,winner_eloRatingDelta,winner_eloRating,loser_name,loser_seed,loser_country_name,loser_country_id,loser_rank,loser_eloRatingDelta,loser_eloRating,score,outcome,loser_entry
2011-05-22,Roland Garros,G,5,C,false,46,SF,Roger Federer,3,Switzerland,SUI,3,19,2385,Novak Djokovic,2,Serbia,SRB,2,-19,2492,7-6(5) 6-3 3-6 7-6(5),,
2011-05-22,Roland Garros,G,5,C,false,46,R16,Novak Djokovic,2,Serbia,SRB,2,2,2489,Richard Gasquet,13,France,FRA,16,-2,2110,6-4 6-4 6-2,,
2011-05-22,Roland Garros,G,5,C,false,46,R32,Novak Djokovic,2,Serbia,SRB,2,6,2483,Juan Martin Del Potro,25,Argentina,ARG,26,-6,2267,6-3 3-6 6-3 6-2,,
2011-05-22,Roland Garros,G,5,C,false,46,R64,Novak Djokovic,2,Serbia,SRB,2,1,2482,Victor Hanescu,,Romania,ROU,60,-1,1894,6-4 6-1 2-3 RET,RET,
2011-05-22,Roland Garros,G,5,C,false,46,R128,Novak Djokovic,2,Serbia,SRB,2,1,2481,Thiemo De Bakker,,Netherlands,NED,71,,1862,6-2 6-1 6-3,,
2011-05-08,Rome Masters,M,3,C,false,38,F,Novak Djokovic,2,Serbia,SRB,2,11,2470,Rafael Nadal,1,Spain,ESP,1,-11,2430,6-4 6-4,,
2011-05-08,Rome Masters,M,3,C,false,38,SF,Novak Djokovic,2,Serbia,SRB,2,4,2466,Andy Murray,4,United Kingdom,GBR,4,-5,2248,6-1 3-6 7-6(2),,
2011-05-08,Rome Masters,M,3,C,false,38,QF,Novak Djokovic,2,Serbia,SRB,2,5,2461,Robin Soderling,5,Sweden,SWE,5,-5,2241,6-3 6-0,,
2011-05-08,Rome Masters,M,3,C,false,38,R16,Novak Djokovic,2,Serbia,SRB,2,2,2459,Stan Wawrinka,14,Switzerland,SUI,14,-3,2119,6-4 6-1,,
2011-05-08,Rome Masters,M,3,C,false,38,R32,Novak Djokovic,2,Serbia,SRB,2,1,2458,Lukasz Kubot,,Poland,POL,141,-1,1822,6-0 6-3,,Q
2011-05-01,Madrid Masters,M,3,C,false,53,F,Novak Djokovic,2,Serbia,SRB,2,12,2446,Rafael Nadal,1,Spain,ESP,1,-12,2435,7-5 6-4,,
2011-05-01,Madrid Masters,M,3,C,false,53,SF,Novak Djokovic,2,Serbia,SRB,2,1,2445,Thomaz Bellucci,,Brazil,BRA,36,-2,1967,4-6 6-4 6-1,,
2011-05-01,Madrid Masters,M,3,C,false,53,QF,Novak Djokovic,2,Serbia,SRB,2,5,2440,David Ferrer,6,Spain,ESP,6,-4,2219,6-4 4-6 6-3,,
2011-05-01,Madrid Masters,M,3,C,false,53,R16,Novak Djokovic,2,Serbia,SRB,2,1,2439,Guillermo Garcia Lopez,,Spain,ESP,29,-2,1957,6-1 6-2,,
2011-05-01,Madrid Masters,M,3,C,false,53,R32,Novak Djokovic,2,Serbia,SRB,2,1,2438,Kevin Anderson,,South Africa,RSA,35,-1,1938,6-3 6-4,,
2011-04-25,Belgrade,B,3,C,false,17,F,Novak Djokovic,1,Serbia,SRB,2,1,2437,Feliciano Lopez,,Spain,ESP,37,-2,1983,7-6(4) 6-2,,
2011-04-25,Belgrade,B,3,C,false,17,QF,Novak Djokovic,1,Serbia,SRB,2,,2436,Blaz Kavcic,,Slovenia,SLO,85,,1825,6-3 6-2,,
2011-04-25,Belgrade,B,3,C,false,17,R16,Novak Djokovic,1,Serbia,SRB,2,1,2435,Adrian Ungur,,Romania,ROU,175,,1798,6-2 6-3,,Q
2011-03-23,Miami Masters,M,3,H,false,55,F,Novak Djokovic,2,Serbia,SRB,2,11,2424,Rafael Nadal,1,Spain,ESP,1,-11,2399,4-6 6-3 7-6(4),,
2011-03-23,Miami Masters,M,3,H,false,55,SF,Novak Djokovic,2,Serbia,SRB,2,4,2420,Mardy Fish,14,United States,USA,15,-3,2129,6-3 6-1,,
2011-03-23,Miami Masters,M,3,H,false,55,QF,Novak Djokovic,2,Serbia,SRB,2,1,2419,Kevin Anderson,,South Africa,RSA,40,-1,1936,6-4 6-2,,
2011-03-23,Miami Masters,M,3,H,false,55,R16,Novak Djokovic,2,Serbia,SRB,2,2,2417,Viktor Troicki,16,Serbia,SRB,17,-2,2086,6-3 6-2,,
2011-03-23,Miami Masters,M,3,H,false,55,R32,Novak Djokovic,2,Serbia,SRB,2,1,2416,James Blake,,United States,USA,173,-2,1933,6-2 6-0,,WC
2011-03-23,Miami Masters,M,3,H,false,55,R64,Novak Djokovic,2,Serbia,SRB,2,1,2415,Denis Istomin,,Uzbekistan,UZB,54,-1,1872,6-0 6-1,,
2011-03-10,Indian Wells Masters,M,3,H,false,54,F,Novak Djokovic,3,Serbia,SRB,3,12,2403,Rafael Nadal,1,Spain,ESP,1,-11,2391,4-6 6-3 6-2,,
2011-03-10,Indian Wells Masters,M,3,H,false,54,SF,Novak Djokovic,3,Serbia,SRB,3,12,2391,Roger Federer,2,Switzerland,SUI,2,-11,2412,6-3 3-6 6-2,,
2011-03-10,Indian Wells Masters,M,3,H,false,54,QF,Novak Djokovic,3,Serbia,SRB,3,3,2388,Richard Gasquet,18,France,FRA,21,-2,2061,6-2 6-4,,
2011-03-10,Indian Wells Masters,M,3,H,false,54,R16,Novak Djokovic,3,Serbia,SRB,3,2,2386,Viktor Troicki,16,Serbia,SRB,18,-3,2080,6-0 6-1,,
2011-03-10,Indian Wells Masters,M,3,H,false,54,R32,Novak Djokovic,3,Serbia,SRB,3,2,2384,Ernests Gulbis,31,Latvia,LAT,34,-2,1987,6-0 6-1,,
2011-03-10,Indian Wells Masters,M,3,H,false,54,R64,Novak Djokovic,3,Serbia,SRB,3,1,2383,Andrey Golubev,,Kazakhstan,KAZ,39,-1,1914,6-0 6-4,,
2011-02-21,Dubai,A,3,H,false,60,F,Novak Djokovic,2,Serbia,SRB,3,13,2370,Roger Federer,1,Switzerland,SUI,2,-12,2418,6-3 6-3,,
2011-02-21,Dubai,A,3,H,false,60,SF,Novak Djokovic,2,Serbia,SRB,3,3,2367,Tomas Berdych,3,Czech Republic,CZE,7,-4,2121,6-7(5) 6-2 4-2 RET,RET,
2011-02-21,Dubai,A,3,H,false,60,QF,Novak Djokovic,2,Serbia,SRB,3,2,2365,Florian Mayer,,Germany,GER,38,-2,1969,7-5 6-1,,
2011-02-21,Dubai,A,3,H,false,60,R16,Novak Djokovic,2,Serbia,SRB,3,1,2364,Feliciano Lopez,,Spain,ESP,41,-1,1924,6-3 2-6 6-4,,
2011-02-21,Dubai,A,3,H,false,60,R32,Novak Djokovic,2,Serbia,SRB,3,2,2362,Michael Llodra,,France,FRA,27,-3,2006,6-3 6-3,,
2011-01-17,Australian Open,G,5,H,false,55,F,Novak Djokovic,3,Serbia,SRB,3,15,2347,Andy Murray,5,United Kingdom,GBR,5,-14,2309,6-4 6-2 6-3,,
2011-01-17,Australian Open,G,5,H,false,55,SF,Novak Djokovic,3,Serbia,SRB,3,18,2329,Roger Federer,2,Switzerland,SUI,2,-18,2432,7-6(3) 7-5 6-4,,
2011-01-17,Australian Open,G,5,H,false,55,QF,Novak Djokovic,3,Serbia,SRB,3,7,2322,Tomas Berdych,6,Czech Republic,CZE,6,-7,2114,6-1 7-6(5) 6-1,,
2011-01-17,Australian Open,G,5,H,false,55,R16,Novak Djokovic,3,Serbia,SRB,3,4,2318,Nicolas Almagro,14,Spain,ESP,14,-4,2057,6-3 6-4 6-0,,
2011-01-17,Australian Open,G,5,H,false,55,R32,Novak Djokovic,3,Serbia,SRB,3,5,2313,Viktor Troicki,29,Serbia,SRB,27,-5,2065,6-2 RET,RET,
2011-01-17,Australian Open,G,5,H,false,55,R64,Novak Djokovic,3,Serbia,SRB,3,2,2311,Ivan Dodig,,Croatia,CRO,81,-3,1857,7-5 6-7(8) 6-0 6-2,,
2011-01-17,Australian Open,G,5,H,false,55,R128,Novak Djokovic,3,Serbia,SRB,3,2,2309,Marcel Granollers,,Spain,ESP,42,-2,1901,6-1 6-3 6-1,,
2010-12-03,Davis Cup WG,D,5,H,false,,F,Novak Djokovic,,Serbia,SRB,3,7,2302,Gael Monfils,,France,FRA,12,-7,2173,6-2 6-2 6-4,,
2010-12-03,Davis Cup WG,D,5,H,false,,F,Novak Djokovic,,Serbia,SRB,3,4,2298,Gilles Simon,,France,FRA,42,-5,2059,6-3 6-1 7-5,,