date,tournament,level,bestOf,surface,indoor,round,winner_name,winner_country_name,winner_country_id,winner_rank,winner_eloRatingDelta,winner_eloRating,loser_name,loser_country_name,loser_country_id,loser_rank,loser_eloRatingDelta,loser_eloRating,score,winner_seed,loser_seed,loser_entry
1980-05-05,Nations Cup,T,3,C,false,SF,Guillermo Vilas,Argentina,ARG,4,16,2285,Bjorn Borg,Sweden,SWE,1,-15,2611,6-3 1-6 6-1,,,
1980-05-05,Nations Cup,T,3,C,false,RR,Bjorn Borg,Sweden,SWE,1,,2611,Jose Higueras,Spain,ESP,11,,2060,6-1 6-2,,,
1980-05-05,Nations Cup,T,3,C,false,RR,Bjorn Borg,Sweden,SWE,1,1,2610,John Alexander,Australia,AUS,40,,1965,7-6 6-2,,,
1980-05-05,Nations Cup,T,3,C,false,RR,Bjorn Borg,Sweden,SWE,1,1,2609,Gene Mayer,United States,USA,6,-1,2204,6-3 7-5,,,
1980-04-22,Las Vegas,M,3,H,false,F,Bjorn Borg,Sweden,SWE,1,2,2607,Harold Solomon,United States,USA,11,-2,2197,6-3 6-1,1,6,
1980-04-22,Las Vegas,M,3,H,false,SF,Bjorn Borg,Sweden,SWE,1,3,2604,Vitas Gerulaitis,United States,USA,5,-3,2288,6-4 3-6 6-2,1,3,
1980-04-22,Las Vegas,M,3,H,false,QF,Bjorn Borg,Sweden,SWE,1,2,2602,Victor Amaya,United States,USA,19,-1,2109,6-1 6-1,1,,
1980-04-22,Las Vegas,M,3,H,false,R16,Bjorn Borg,Sweden,SWE,1,1,2601,Wojtek Fibak,Poland,POL,20,-2,2129,6-1 6-1,1,,
1980-04-22,Las Vegas,M,3,H,false,R32,Bjorn Borg,Sweden,SWE,1,,2601,Hank Pfister,United States,USA,37,-1,1994,6-3 7-5,1,,Q
1980-03-31,Monte Carlo,M,5,C,false,F,Bjorn Borg,Sweden,SWE,1,4,2597,Guillermo Vilas,Argentina,ARG,4,-3,2277,6-1 6-0 6-2,1,5,
1980-03-31,Monte Carlo,M,3,C,false,SF,Bjorn Borg,Sweden,SWE,1,3,2594,Vitas Gerulaitis,United States,USA,5,-3,2278,6-0 6-2,1,4,
1980-03-31,Monte Carlo,M,3,C,false,QF,Bjorn Borg,Sweden,SWE,1,2,2592,Jose Luis Clerc,Argentina,ARG,15,-2,2132,7-5 6-3,1,,
1980-03-31,Monte Carlo,M,3,C,false,R16,Bjorn Borg,Sweden,SWE,1,,2592,Ivan Lendl,Czech Republic,CZE,18,-1,2065,6-2 6-2,1,,
1980-03-31,Monte Carlo,M,3,C,false,R32,Bjorn Borg,Sweden,SWE,1,1,2591,Peter Mcnamara,Australia,AUS,54,,1951,6-2 6-2,1,,
1980-03-24,Nice,B,5,C,false,F,Bjorn Borg,Sweden,SWE,1,1,2590,Manuel Orantes,Spain,ESP,14,-1,2094,6-2 6-0 6-1,1,2,
1980-03-24,Nice,B,3,C,false,SF,Bjorn Borg,Sweden,SWE,1,,2590,Fernando Luna,Spain,ESP,88,-1,1821,7-5 6-1,1,,
1980-03-24,Nice,B,3,C,false,QF,Bjorn Borg,Sweden,SWE,1,1,2589,Peter Mcnamara,Australia,AUS,54,-1,1952,6-2 6-1,1,8,
1980-03-24,Nice,B,3,C,false,R16,Bjorn Borg,Sweden,SWE,1,,2589,Zeljko Franulovic,Croatia,CRO,72,,1921,6-2 6-2,1,,
1980-03-24,Nice,B,3,C,false,R32,Bjorn Borg,Sweden,SWE,1,,2589,Jean Louis Haillet,France,FRA,81,-1,1805,6-0 6-1,1,,
1980-02-19,WCT Invitational,B,5,P,true,F,Bjorn Borg,Sweden,SWE,1,1,2588,Vijay Amritraj,India,IND,30,-1,2052,7-5 6-1 6-3,,,
1980-02-19,WCT Invitational,B,3,P,true,RR,Bjorn Borg,Sweden,SWE,1,1,2587,Ilie Nastase,Romania,ROU,64,-1,2012,6-1 6-4,,,
1980-02-19,WCT Invitational,B,3,P,true,RR,Bjorn Borg,Sweden,SWE,1,1,2586,Vijay Amritraj,India,IND,30,-1,2045,6-4 6-7 6-3,,,
1980-02-19,WCT Invitational,B,3,P,true,RR,Bjorn Borg,Sweden,SWE,1,1,2585,Eddie Dibbs,United States,USA,10,-2,2179,6-3 6-3,,,
1980-02-19,WCT Invitational,B,3,P,true,RR,Bjorn Borg,Sweden,SWE,1,1,2584,John Alexander,Australia,AUS,18,,1990,6-3 6-1,,,
1980-02-19,WCT Invitational,B,3,P,true,RR,Bjorn Borg,Sweden,SWE,1,5,2579,Jimmy Connors,United States,USA,3,-6,2461,6-3 6-1,,,
1980-02-08,Pepsi Grand Slam,A,3,C,false,F,Bjorn Borg,Sweden,SWE,1,4,2575,Vitas Gerulaitis,United States,USA,5,-4,2306,6-1 5-7 6-1,,,
1980-02-08,Pepsi Grand Slam,A,3,C,false,SF,Bjorn Borg,Sweden,SWE,1,3,2572,Guillermo Vilas,Argentina,ARG,6,-3,2255,6-2 6-3,,,
1980-01-09,Masters,F,3,P,true,F,Bjorn Borg,Sweden,SWE,1,5,2567,Vitas Gerulaitis,United States,USA,4,-6,2327,6-2 6-2,,,
1980-01-09,Masters,F,3,P,true,SF,Bjorn Borg,Sweden,SWE,1,7,2560,John McEnroe,United States,USA,3,-7,2423,6-7 6-3 7-6,,,
1980-01-09,Masters,F,3,P,true,RR,Bjorn Borg,Sweden,SWE,1,3,2557,Roscoe Tanner,United States,USA,5,-2,2202,6-3 6-3,,,
1980-01-09,Masters,F,3,P,true,RR,Bjorn Borg,Sweden,SWE,1,8,2549,Jimmy Connors,United States,USA,2,-9,2466,3-6 6-3 7-6,,,
1980-01-09,Masters,F,3,P,true,RR,Bjorn Borg,Sweden,SWE,1,2,2547,Jose Higueras,Spain,ESP,9,-2,2151,6-2 6-0,,,
1979-12-04,WCT Challenge Cup,A,5,P,true,F,Bjorn Borg,Sweden,SWE,1,10,2537,Jimmy Connors,United States,USA,2,-10,2472,6-4 6-2 2-6 6-4,,,
1979-12-04,WCT Challenge Cup,A,3,P,true,SF,Bjorn Borg,Sweden,SWE,1,1,2536,Tim Gullikson,United States,USA,24,-2,2098,6-3 6-2,,,
1979-12-04,WCT Challenge Cup,A,3,P,true,RR,Bjorn Borg,Sweden,SWE,1,2,2534,Hans Gildemeister,Chile,CHI,14,-2,2086,6-2 6-2,,,
1979-12-04,WCT Challenge Cup,A,3,P,true,RR,Bjorn Borg,Sweden,SWE,1,1,2533,Johan Kriek,United States,USA,34,-1,2020,6-4 6-2,,,
1979-12-04,WCT Challenge Cup,A,3,P,true,RR,Bjorn Borg,Sweden,SWE,1,1,2532,Pat Dupre,United States,USA,19,-2,2078,6-4 6-2,,,
1979-10-30,Tokyo Indoor,A,3,P,true,F,Bjorn Borg,Sweden,SWE,1,9,2523,Jimmy Connors,United States,USA,3,-9,2467,6-2 6-2,1,2,
1979-10-30,Tokyo Indoor,A,3,P,true,SF,Bjorn Borg,Sweden,SWE,1,1,2522,John Sadri,United States,USA,61,,1927,6-3 6-1,1,,
1979-10-30,Tokyo Indoor,A,3,P,true,QF,Bjorn Borg,Sweden,SWE,1,,2522,Robert Lutz,United States,USA,44,-1,2018,6-3 6-3,1,,
1979-10-30,Tokyo Indoor,A,3,P,true,R16,Bjorn Borg,Sweden,SWE,1,1,2521,Bill Scanlon,United States,USA,42,,1986,2-6 7-6 6-1,1,,
1979-10-30,Tokyo Indoor,A,3,P,true,R32,Bjorn Borg,Sweden,SWE,1,1,2520,Victor Amaya,United States,USA,31,-1,2012,6-7 7-6 7-6,1,,
1979-10-15,Basel,B,3,H,true,R16,Bjorn Borg,Sweden,SWE,1,,2528,Peter Elter,Germany,GER,81,-1,1750,6-4 7-6,1,,Q
1979-10-15,Basel,B,3,H,true,R32,Bjorn Borg,Sweden,SWE,1,1,2527,Jaime Fillol,Chile,CHI,100,,1927,6-4 6-2,1,,
1979-09-17,Palermo,B,5,C,false,F,Bjorn Borg,Sweden,SWE,1,1,2526,Corrado Barazzutti,Italy,ITA,33,-2,2099,6-4 6-0 6-4,1,3,
1979-09-17,Palermo,B,3,C,false,QF,Bjorn Borg,Sweden,SWE,1,,2525,Per Hjertquist,Sweden,SWE,244,,1805,6-2 6-4,1,,
1979-09-17,Palermo,B,3,C,false,R16,Bjorn Borg,Sweden,SWE,1,,2525,Angel Gimenez,Spain,ESP,95,,1748,6-0 4-6 6-1,1,,
1979-09-17,Palermo,B,3,C,false,R32,Bjorn Borg,Sweden,SWE,1,1,2524,Antonio Munoz,Spain,ESP,103,-1,1740,6-4 6-0,1,,
1979-09-14,Davis Cup EUR,D,5,C,false,F,Bjorn Borg,Sweden,SWE,1,1,2523,Ivan Lendl,Czech Republic,CZE,29,-1,1996,6-4 7-5 6-2,,,